## code to prepare `oikData` dataset goes here

oikData <- list()

oikData[["2025_02_17"]] <-
structure(list(MRCA = c(8, 9, 10, 11, 12, 13), x = c(21.169845,
3.3194, 12.544825, 2.87205, 2.63185, 2.32445), y = c(0.909490665,
0.14645265, 0.75836513125, 0.52233105, 0.727197175, 0.343906825
), xerr = c(0.252179855355993, 0.00424264068711945, 0.0572486244376242,
0.0628360326564314, 0.0623664706927294, 0.00233345237791268),
    yerr = c(0.0183378962106524, 0.000352422019743304, 0.0369655779232222,
    0.148387641847227, 0.0804164933038149, 7.59079129604194e-05
    ), n = c(20L, 2L, 8L, 6L, 4L, 2L), clade = c("Oikopleura",
    "Oikopleura", "Oikopleura", "Oikopleura", "Oikopleura", "Oikopleura"
    )), row.names = c(NA, -6L), class = c("tbl_df", "tbl", "data.frame"
))

oikData[["2025_02_25"]] <- structure(list(MRCA = c(12, 13, 14, 15, 16, 17, 18, 19, 20, 21
), x = c(21.8157, 3.35605, 13.1321416666667, 2.6052, 2.88554999999999,
2.62745, 2.42518333333329, 1.1712, 2.323325, 2.09869999999999
), y = c(0.925585308333333, 0.151964475, 0.801119040277778, 0.3351214125,
0.49024542, 0.7314207625, 0.374774775, 0.367003375, 0.3688482125,
0.315539275), xerr = c(0.196964977307425, 0.0030405591591026,
0.175553071137233, 0.0197347409407892, 0.104969532616741, 0.0660022293995778,
0.0242270441174007, 0.0028284271247396, 0.0260051757668866, 0.00381837661840348
), yerr = c(0.018642140534765, 0.000250068313166689, 0.0412382176943043,
0.0563014992540219, 0.119304752466968, 0.0530692925357213, 0.0320100347154881,
0.000416096985389197, 0.0277839394005294, 0.000750912046281039
), n = c(36L, 2L, 36L, 4L, 10L, 8L, 6L, 2L, 4L, 2L), clade = c("Oikopleura",
"Oikopleura", "Oikopleura", "Oikopleura", "Oikopleura", "Oikopleura",
"Oikopleura", "Oikopleura", "Oikopleura", "Oikopleura")), row.names = c(NA,
-10L), class = c("tbl_df", "tbl", "data.frame"))


oikData[["2025_07_17"]] <- structure(list(MRCA = c(20, 25, 26, 27, 28, 29, 30, 31, 32, 33
), x = c(22.66315, 3.35725, 13.1340805555556, 2.601775, 2.87041,
2.6133, 2.41165, 1.17105, 2.308825, 2.08745), y = c(0.870439675,
0.1518147, 0.724857958333333, 0.256001775, 0.37744887, 0.42762285,
0.324162616666667, 0.2026095, 0.309986175, 0.25232735), xerr = c(0.292436603630355,
0.00190918830919672, 0.188146617325721, 0.0209581129875731, 0.104125239228751,
0.0673715073306215, 0.0248196494737557, 7.07106781109535e-05,
0.0267878548351054, 0.00233345237791268), yerr = c(0.0254686560436872,
0.000429496658892734, 0.0241202057161018, 0.00527132972115829,
0.0638774112867078, 0.0523365489407327, 0.0415421556709527, 0.0261165646990564,
0.0739859184526522, 0.02434278733845), n = c(36L, 2L, 36L, 4L,
10L, 8L, 6L, 2L, 4L, 2L), clade = c("Oikopleura", "Oikopleura",
"Oikopleura", "Oikopleura", "Oikopleura", "Oikopleura", "Oikopleura",
"Oikopleura", "Oikopleura", "Oikopleura"), color = c("red", "red",
"red", "red", "red", "red", "red", "red", "red", "red")), row.names = c(NA,
-10L), class = c("tbl_df", "tbl", "data.frame"))

usethis::use_data(oikData, overwrite = TRUE)
